

COVARIANCE MATRIX


[[3315521672069.4014 14741.483863745269 1659594.5968590977
  3820741.9560877588 -6122320.089999423 272113.42733584915]
 [14741.483863745269 0.016823138449446492 -0.0396957203600174
  0.34577867305433324 -0.13383166861463017 -0.0023943469472960453]
 [1659594.5968590977 -0.0396957203600174 104.04598318146083
  -3.009970777530817 -3.782701471623458 0.34222997552220435]
 [3820741.9560877588 0.34577867305433324 -3.009970777530817
  397.1229440350439 -26.478918902847724 0.1879926881902642]
 [-6122320.089999423 -0.13383166861463017 -3.782701471623458
  -26.478918902847724 458.7512629636142 -1.1620720927831318]
 [272113.42733584915 -0.0023943469472960453 0.34222997552220435
  0.1879926881902642 -1.1620720927831318 0.058303503503727414]]


CORRELATION MATRIX


[[1.0 0.06241827414763422 0.08928507739986567 0.10615344184747372
  -0.14725047592278587 0.618648092901134]
 [0.06241827414763422 1.0 -0.02993057339104173 0.1322568204728095
  -0.04330305352204787 -0.0764083739118652]
 [0.08928507739986567 -0.02993057339104173 1.0 -0.014420485962510386
  -0.015132182437951894 0.1386244664985506]
 [0.10615344184747372 0.1322568204728095 -0.014420485962510386 1.0
  -0.05265642834598498 0.03911934421632629]
 [-0.14725047592278587 -0.04330305352204787 -0.015132182437951894
  -0.05265642834598498 1.0 -0.3414956898622553]
 [0.618648092901134 -0.0764083739118652 0.1386244664985506
  0.03911934421632629 -0.3414956898622553 1.0]]
